1.3281 9
1.5625 9
1.4844 8
1.25 9
1.25 9
0.9375 7
1.1719 9
1.4063 10
1.1719 8
1.4062 9
1.1719 9
1.3672 9
1.3672 9
1.4844 13
1.3281 8
1.4844 8
1.5625 6
1.3281 9
1.4062 7
1.4844 8
1.4844 9
1.6406 10
1.5625 12
1.6406 13
1.4844 8
1.25 8
1.4844 9
1.3281 10
1.6406 9
1.5625 8
1.4844 8
1.4844 9
1.3281 8
1.367188 10
1.210938 8
1.3672 8
1.3672 8
1.367188 10
1.367188 10
1.367188 10
1.367188 10
1.3672 8
1.367188 8
1.25 10
1.367188 10
1.3672 8
1.2891 8
1.367188 8
1.367188 10.000000
1.25 10
1.3672 8
1.367188 8
1.3672 8
1.328125 10
1.367188 10
1.3672 8
1.3672 8
1.5625 8
1.5625 10
1.3672 8
1.367188 10
1.367188 8
1.3672 8
1.25 8
1.367188 10
1.3672 8
1.367188 10
1.3672 8
1.3672 8
1.367188 8
1.367188 10
1.367188 10.000000
1.3281 8
1.367188 8
1.367188 10
1.3672 8
1.3672 8
1.3672 8
1.5625 10.0
1.3671875 10.0
1.5625 10.0
1.3671875 10.0
1.40625 10.0
1.7578125 10.0
1.875 10.0
1.5625 10.0
1.36719 10.0
1.5625 10.0
1.48438 10.0
1.5625 10.0
1.44531 10.0
1.36719 10.0
1.36719 10.0
1.44531 10.0
1.5625 10.0
1.36719 10.0
1.44531 10.0
1.75781 10.0
1.6796875 10.0
1.40625 10.0
1.4453125 10.0
1.5625 10.0
1.3671875 10.0
1.3671875 10.0
1.3671875 10.0
1.5625 10.0
1.3671875 10.0
1.4453125 10.0
1.484375 10.0
1.5625 10.0
1.5625 10.0
1.5625 10.0
1.67969 5.0
1.44531 10.0
1.875 10.0
0.833333 10.0
1.64062 10.0
1.48438 10.0
1.78571 10.0
1.7578125 10.0
1.91964 6.5
1.3671875 10.0
1.5625 10.0
1.5625 10.0
1.67969 10.0
1.5625 10.0
1.3671875 10.0
1.3671875 10.0
1.64062 10.0
1.48438 10.0
1.36719 10.0
1.48438 10.0
1.48438 10.0
1.36719 10.0
0.703125 10.0
1.40625 10.0
1.36719 10.0
1.5625 10.0
1.3671875 10.0
1.3671875 10.0
1.3671875 10.0
1.4453125 10.0
1.875 10.0
1.3671875 10.0
1.3671875 10.0
1.5625 10.0
1.5625 10.0
1.5625 10.0
1.5625 10.0
1.5625 10.0
1.640625 10.0
1.5625 10.0
1.78571 5.0
1.5625 10.0
1.40625 10.0
1.36719 10.0
1.36719 10.0
1.75781 10.0
1.65179 5.0
1.78571 5.0
1.5625 10.0
1.36719 5.0
1.21528 5.0
1.5625 10.0
1.44531 10.0
1.65179 5.0
1.45833 10.0
1.78571 10.0
1.5625 10.0
1.68269 5.0
1.5625 7.0
1.68269 5.0
1.5625 5.0
1.68269 5.0
1.48438 10.0
1.25 10.0
1.78571 5.0
1.31579 10.0
1.64062 10.0
1.5625 10.0
1.5625 10.0
1.36719 10.0
1.48438 10.0
1.5625 10.0
1.36719 10.0
1.5625 10.0
1.5625 10.0
1.5625 10.0
1.40625 10.0
1.36719 10.0
1.68269 10.0
1.36719 10.0
1.36719 10.0
1.5625 10.0
1.36719 10.0
1.48438 10.0
1.68269 5.0
1.40625 10.0
1.66667 10.0
1.69643 10.0
1.48438 10.0
1.68269 5.0
1.68269 5.0
1.68269 5.0
1.68269 5.0
1.48438 10.0
1.65179 5.0
1.36719 10.0
1.40625 10.0
1.36719 10.0
1.5625 10.0
1.4453125 10.0
1.95312 10.0
1.64062 10.0
1.36719 10.0
1.36719 10.0
1.68269 5.0
1.68269 5.0
1.36719 10.0
1.36719 10.0
1.36719 10.0
1.40625 10.0
1.75781 10.0
1.48438 10.0
1.73611 5.0
1.48438 10.0
1.40625 10.0
1.36719 10.0