1.717510866001248360e-03 9.640853968448936939e-04
1.717510866001248360e-03 9.640853968448936939e-04
1.803329330869019032e-03 9.812394855543971062e-04
1.713912468403577805e-03 2.914961893111467361e-03
1.713912468403577805e-03 2.914961893111467361e-03
1.783203333616256714e-03 2.976922085508704185e-03
1.711670774966478348e-03 4.876610357314348221e-03
1.711670774966478348e-03 4.876610357314348221e-03
1.778941834345459938e-03 4.933569114655256271e-03
1.706285751424729824e-03 6.783799268305301666e-03
1.706285751424729824e-03 6.783799268305301666e-03
1.812656526453793049e-03 6.973129231482744217e-03
1.704577356576919556e-03 8.679876103997230530e-03
1.704577356576919556e-03 8.679876103997230530e-03
1.799832214601337910e-03 8.854228071868419647e-03
1.703961519524455070e-03 1.055985130369663239e-02
1.703961519524455070e-03 1.055985130369663239e-02
1.767855603247880936e-03 1.093911379575729370e-02
1.699286978691816330e-03 1.246463600546121597e-02
1.699286978691816330e-03 1.246463600546121597e-02
1.769190654158592224e-03 1.296928245574235916e-02
1.697831321507692337e-03 1.441148854792118073e-02
1.697831321507692337e-03 1.441148854792118073e-02
1.784162013791501522e-03 1.481587253510951996e-02
5.182242020964622498e-03 9.591543930582702160e-04
5.182242020964622498e-03 9.591543930582702160e-04
5.290396511554718018e-03 9.805063018575310707e-04
5.145825445652008057e-03 2.907465910539031029e-03
5.144899711012840271e-03 2.906354377046227455e-03
5.446382798254489899e-03 2.986134262755513191e-03
4.899942316114902496e-03 4.733400419354438782e-03
5.046597681939601898e-03 4.665893502533435822e-03
5.446046590805053711e-03 4.612901248037815094e-03
5.706821102648973465e-03 7.516894955188035965e-03
5.367599427700042725e-03 6.929992698132991791e-03
4.348341375589370728e-03 4.828999750316143036e-03
6.846888456493616104e-03 8.570386096835136414e-03
6.334982346743345261e-03 8.501591160893440247e-03
4.360593855381011963e-03 8.279301226139068604e-03
5.095921922475099564e-03 9.696594439446926117e-03
5.008372012525796890e-03 9.926328435540199280e-03
4.826906602829694748e-03 1.177950389683246613e-02
5.152793601155281067e-03 1.243300922214984894e-02
5.151797551661729813e-03 1.242925599217414856e-02
5.296927411109209061e-03 1.283335033804178238e-02
5.164681933820247650e-03 1.440211478620767593e-02
5.164681933820247650e-03 1.440211478620767593e-02
5.272732116281986237e-03 1.465030852705240250e-02
8.784838020801544189e-03 9.550533141009509563e-04
8.784838020801544189e-03 9.550533141009509563e-04
8.759245276451110840e-03 9.866276523098349571e-04
8.313987404108047485e-03 2.854667138308286667e-03
8.283673785626888275e-03 2.959065139293670654e-03
8.927180431783199310e-03 3.671653335914015770e-03
-5.285227671265602112e-03 -2.947301371023058891e-03
1.004281803034245968e-03 7.531398907303810120e-03
1.489890366792678833e-02 3.056940995156764984e-02
2.662850543856620789e-03 -1.834686263464391232e-03
4.656230658292770386e-02 4.811731353402137756e-02
1.094439104199409485e-01 1.202882900834083557e-01
1.288355886936187744e-02 1.253453455865383148e-02
8.312350511550903320e-02 1.493185758590698242e-02
1.914023160934448242e-01 1.193296257406473160e-02
-9.927638806402683258e-03 1.336668268777430058e-03
1.311916206032037735e-02 -1.547725033015012741e-02
5.313548073172569275e-02 -4.587825760245323181e-02
9.740739129483699799e-03 8.593956008553504944e-03
9.515297599136829376e-03 8.710163645446300507e-03
1.030992344021797180e-02 8.276026695966720581e-03
8.739251643419265747e-03 1.440063212066888809e-02
8.739251643419265747e-03 1.440063212066888809e-02
8.984580636024475098e-03 1.468153949826955795e-02
1.223507802933454514e-02 9.037666604854166508e-04
1.223507802933454514e-02 9.037666604854166508e-04
1.232351548969745636e-02 1.088879769667983055e-03
1.561888679862022400e-02 2.418091706931591034e-02
1.526970043778419495e-02 2.386889979243278503e-02
1.507464610040187836e-02 2.568356692790985107e-02
6.432019174098968506e-02 2.187431752681732178e-01
1.035264506936073303e-01 3.957217931747436523e-01
1.482826769351959229e-01 6.177121996879577637e-01
-8.194954693317413330e-02 -9.518080204725265503e-02
-5.400723963975906372e-02 -2.699924632906913757e-02
3.888895269483327866e-03 9.663037210702896118e-02
1.106484755873680115e-01 -1.859372556209564209e-01
1.640929281711578369e-01 -2.925911247730255127e-01
2.365045398473739624e-01 -4.073717296123504639e-01
7.521906495094299316e-02 -3.027998507022857666e-01
1.136024743318557739e-01 -4.347354173660278320e-01
1.629426479339599609e-01 -5.776468515396118164e-01
2.162300050258636475e-02 -1.816069521009922028e-02
2.227025665342807770e-02 -2.057171985507011414e-02
2.598679251968860626e-02 -3.217013180255889893e-02
1.217423100024461746e-02 1.446381118148565292e-02
1.217423100024461746e-02 1.446381118148565292e-02
1.257752068340778351e-02 1.459061726927757263e-02
1.566527038812637329e-02 9.060920565389096737e-04
1.566527038812637329e-02 9.060920565389096737e-04
1.609896309673786163e-02 1.071778242476284504e-03
1.588533259928226471e-02 2.167991176247596741e-02
1.628196612000465393e-02 2.167877927422523499e-02
1.792325824499130249e-02 2.373554185032844543e-02
7.092323619872331619e-03 1.675688922405242920e-01
3.247860004194080830e-04 3.324137628078460693e-01
-1.324791833758354187e-02 5.435068607330322266e-01
-2.494623363018035889e-01 7.439348846673965454e-03
-3.830007016658782959e-01 1.133404076099395752e-01
-5.307771563529968262e-01 2.610881328582763672e-01
-9.314011782407760620e-02 -1.174595132470130920e-01
-2.074049115180969238e-01 -1.894781738519668579e-01
-3.679852187633514404e-01 -2.726382017135620117e-01
3.125000000000000000e-02 1.139999926090240479e-02
3.131740912795066833e-02 -3.942752256989479065e-02
1.393351797014474869e-02 -1.265599429607391357e-01
1.662018336355686188e-02 3.470838535577058792e-03
1.691796258091926575e-02 3.005269216373562813e-03
1.790611818432807922e-02 -2.360398066230118275e-04
1.564623601734638214e-02 1.440178137272596359e-02
1.564623601734638214e-02 1.440178137272596359e-02
1.606226339936256409e-02 1.471019070595502853e-02
1.940877549350261688e-02 9.470054064877331257e-04
1.940877549350261688e-02 9.470054064877331257e-04
1.928740926086902618e-02 9.817307582125067711e-04
1.786186918616294861e-02 2.753284061327576637e-03
1.826206222176551819e-02 2.811882179230451584e-03
1.977663487195968628e-02 3.286400344222784042e-03
-2.387780696153640747e-03 -4.592176992446184158e-03
-2.779376227408647537e-04 8.055001497268676758e-03
3.918700094800442457e-04 3.587388619780540466e-02
-8.669901639223098755e-03 3.426639363169670105e-02
-4.912048950791358948e-02 9.097605943679809570e-02
-1.109310239553451538e-01 1.659296154975891113e-01
-2.158884890377521515e-02 -7.506083697080612183e-03
-7.266412675380706787e-02 -1.792041212320327759e-02
-1.519022732973098755e-01 -3.216312080621719360e-02
9.518743492662906647e-03 8.393849246203899384e-03
6.547366734594106674e-03 4.630695562809705734e-03
-6.934139411896467209e-03 -8.370076306164264679e-03
1.784548722207546234e-02 1.167993713170289993e-02
1.799202896654605865e-02 1.187137607485055923e-02
1.995697431266307831e-02 1.272520422935485840e-02
1.938632316887378693e-02 1.438984740525484085e-02
1.938632316887378693e-02 1.438984740525484085e-02
1.926550641655921936e-02 1.463425438851118088e-02
2.259481325745582581e-02 9.456487023271620274e-04
2.259481325745582581e-02 9.456487023271620274e-04
2.296604961156845093e-02 9.659772040322422981e-04
2.250242792069911957e-02 2.897111000493168831e-03
2.249871008098125458e-02 2.896401332691311836e-03
2.296148054301738739e-02 2.968043088912963867e-03
2.159201726317405701e-02 4.609605297446250916e-03
2.144533954560756683e-02 4.537165630608797073e-03
2.305893972516059875e-02 4.320858046412467957e-03
1.995241828262805939e-02 8.526590652763843536e-03
2.090005390346050262e-02 7.860476151108741760e-03
2.270519174635410309e-02 5.822325590997934341e-03
1.922267116606235504e-02 7.919930852949619293e-03
2.027248404920101166e-02 8.329887874424457550e-03
2.324942126870155334e-02 9.638970717787742615e-03
2.146208286285400391e-02 9.795922785997390747e-03
2.120906859636306763e-02 9.857035242021083832e-03
2.358121797442436218e-02 1.122058648616075516e-02
2.247494272887706757e-02 1.239124219864606857e-02
2.247065119445323944e-02 1.238792203366756439e-02
2.296635322272777557e-02 1.294674631208181381e-02
2.257707342505455017e-02 1.438704412430524826e-02
2.257707342505455017e-02 1.438704412430524826e-02
2.295107953250408173e-02 1.463504228740930557e-02
2.637431770563125610e-02 9.451709338463842869e-04
2.637431770563125610e-02 9.451709338463842869e-04
2.657105401158332825e-02 9.614279842935502529e-04
2.629810571670532227e-02 2.894305856898427010e-03
2.629810571670532227e-02 2.894305856898427010e-03
2.677192538976669312e-02 2.955618547275662422e-03
2.629413083195686340e-02 4.859937354922294617e-03
2.629413083195686340e-02 4.859937354922294617e-03
2.676071412861347198e-02 4.912950564175844193e-03
2.628934383392333984e-02 6.763446144759654999e-03
2.628934383392333984e-02 6.763446144759654999e-03
2.677432447671890259e-02 6.939017679542303085e-03
2.628529816865921021e-02 8.658599108457565308e-03
2.628529816865921021e-02 8.658599108457565308e-03
2.677573636174201965e-02 8.838795125484466553e-03
2.628509141504764557e-02 1.054310612380504608e-02
2.628509141504764557e-02 1.054310612380504608e-02
2.675120905041694641e-02 1.091707404702901840e-02
2.628323994576931000e-02 1.244657114148139954e-02
2.628323994576931000e-02 1.244657114148139954e-02
2.675694972276687622e-02 1.295083481818437576e-02
2.635336667299270630e-02 1.439346186816692352e-02
2.635336667299270630e-02 1.439346186816692352e-02
2.655057609081268311e-02 1.479651406407356262e-02
3.199681174010038376e-03 -9.487863280810415745e-06
2.776269800961017609e-03 -2.542644506320357323e-04
3.526256885379552841e-03 1.035007648169994354e-03
5.628698854707181454e-04 -3.016211790964007378e-03
9.728774602990597486e-05 -3.335335757583379745e-03
2.707465086132287979e-03 2.016009297221899033e-03
-6.403094739653170109e-04 -3.609698964282870293e-03
-4.171691369265317917e-03 -7.499722763895988464e-03
1.579609001055359840e-03 1.812939648516476154e-03
-1.533642970025539398e-02 -2.221986465156078339e-02
-1.196338050067424774e-02 -2.081433124840259552e-02
7.373535539954900742e-03 8.529042825102806091e-04
3.531409893184900284e-03 -5.638695321977138519e-03
1.184936147183179855e-02 3.546829801052808762e-03
3.560635447502136230e-02 2.792667970061302185e-02
-3.439612453803420067e-03 3.995056729763746262e-03
3.735201200470328331e-03 1.655727252364158630e-02
3.302597254514694214e-02 3.351600840687751770e-02
-2.172013372182846069e-02 -1.604361226782202721e-03
-1.155274081975221634e-02 2.221458824351429939e-03
2.478693984448909760e-02 4.855076782405376434e-03
4.153057932853698730e-03 2.236747182905673981e-03
1.025953982025384903e-02 1.564032427268102765e-04
3.467898070812225342e-02 -8.295801468193531036e-03
-6.613335106521844864e-03 1.020505651831626892e-02
-3.259441815316677094e-03 1.103125233203172684e-02
1.089549530297517776e-02 3.638739697635173798e-03
-1.080276095308363438e-03 1.018921378999948502e-02
-4.105227533727884293e-03 1.215034164488315582e-02
-2.047195332124829292e-03 1.114750653505325317e-02
1.815728610381484032e-04 3.829393070191144943e-03
1.764952787198126316e-03 7.052455097436904907e-03
8.118798956274986267e-03 1.562118809670209885e-02
-2.454237313941121101e-03 4.405333660542964935e-03
1.161901466548442841e-02 2.896190434694290161e-02
3.707560151815414429e-02 7.228223234415054321e-02
1.324575114995241165e-02 2.735614962875843048e-02
4.315704107284545898e-02 7.559169083833694458e-02
9.061188995838165283e-02 1.492734104394912720e-01
1.679351739585399628e-02 2.093232795596122742e-02
7.383027672767639160e-02 9.327438473701477051e-02
1.424732208251953125e-01 1.782114058732986450e-01
8.122589439153671265e-02 8.174604922533035278e-02
1.433066874742507935e-01 1.360784024000167847e-01
2.204940170049667358e-01 1.925111562013626099e-01
7.152125239372253418e-02 6.673242151737213135e-02
1.551288962364196777e-01 9.537062048912048340e-02
2.663103938102722168e-01 1.128308624029159546e-01
6.202526018023490906e-02 -4.000551998615264893e-03
1.598467677831649780e-01 -1.523991953581571579e-02
2.726958394050598145e-01 -3.625505417585372925e-02
9.008535742759704590e-02 -3.097862191498279572e-02
1.625228971242904663e-01 -6.773573905229568481e-02
2.422602772712707520e-01 -1.174876019358634949e-01
1.032219175249338150e-02 -1.629963889718055725e-02
5.524072051048278809e-02 -4.616166651248931885e-02
1.141938343644142151e-01 -9.247353672981262207e-02
-2.351213945075869560e-03 -3.227208042517304420e-03
5.363312549889087677e-03 -1.521127019077539444e-02
2.523108944296836853e-02 -3.792726993560791016e-02
2.287504961714148521e-03 3.548487788066267967e-03
9.870462119579315186e-03 1.329301018267869949e-02
3.023669868707656860e-02 5.566049739718437195e-02
4.329970851540565491e-02 7.897038012742996216e-02
9.028115123510360718e-02 1.609120666980743408e-01
1.409857869148254395e-01 2.833875715732574463e-01
1.441752612590789795e-01 2.385391741991043091e-01
2.098420560359954834e-01 3.532670438289642334e-01
2.713101208209991455e-01 4.761625528335571289e-01
1.709120422601699829e-01 2.310780435800552368e-01
2.316707223653793335e-01 3.129884004592895508e-01
2.998638153076171875e-01 3.993120491504669189e-01
2.224106341600418091e-01 1.968682408332824707e-01
2.910286784172058105e-01 2.181749641895294189e-01
3.680462539196014404e-01 2.335499674081802368e-01
2.678948044776916504e-01 6.184513866901397705e-02
3.968394398689270020e-01 4.973420500755310059e-02
5.086356401443481445e-01 2.095482684671878815e-02
3.349409103393554688e-01 -9.418285638093948364e-02
4.652073681354522705e-01 -1.553370058536529541e-01
5.795115232467651367e-01 -2.305410951375961304e-01
2.765896618366241455e-01 -1.669090688228607178e-01
3.729844689369201660e-01 -2.671476006507873535e-01
4.707550704479217529e-01 -3.817441761493682861e-01
1.074677631258964539e-01 -1.342837512493133545e-01
1.727382838726043701e-01 -2.282714098691940308e-01
2.426531612873077393e-01 -3.394598364830017090e-01
2.618681080639362335e-02 -4.900747537612915039e-02
4.657950997352600098e-02 -9.780423343181610107e-02
8.245351910591125488e-02 -1.671590954065322876e-01
-1.229759800480678678e-05 -1.449214387685060501e-02
2.031171321868896484e-02 6.766015291213989258e-02
5.184692144393920898e-02 1.977765113115310669e-01
9.398224204778671265e-02 2.161054909229278564e-01
1.476760953664779663e-01 4.040833711624145508e-01
1.943970471620559692e-01 6.165080070495605469e-01
2.076876759529113770e-01 4.304313659667968750e-01
2.400714308023452759e-01 5.721049904823303223e-01
2.616534829139709473e-01 7.446208596229553223e-01
4.293210804462432861e-03 3.432013839483261108e-02
5.220141634345054626e-02 1.411688029766082764e-01
1.120620891451835632e-01 2.767264246940612793e-01
-1.420853100717067719e-02 -1.219252496957778931e-01
4.456668719649314880e-02 -1.151108369231224060e-01
1.247002184391021729e-01 -7.947749644517898560e-02
1.496348828077316284e-01 -1.490833610296249390e-01
2.315055578947067261e-01 -1.968524158000946045e-01
3.040579259395599365e-01 -2.435650378465652466e-01
1.609670966863632202e-01 -2.074762433767318726e-01
2.513225078582763672e-01 -3.169030547142028809e-01
3.372454941272735596e-01 -4.488282501697540283e-01
9.255079180002212524e-02 -2.865683436393737793e-01
1.681470721960067749e-01 -4.418104887008666992e-01
2.605899572372436523e-01 -6.165521740913391113e-01
8.034678548574447632e-02 -2.980013787746429443e-01
1.331683099269866943e-01 -4.430573284626007080e-01
1.942951232194900513e-01 -5.948383212089538574e-01
2.940367907285690308e-02 -1.136932820081710815e-01
6.186223030090332031e-02 -2.158428579568862915e-01
1.011316403746604919e-01 -3.211567699909210205e-01
1.510547567158937454e-02 1.521418988704681396e-01
2.978901751339435577e-02 2.819476723670959473e-01
4.773698002099990845e-02 4.477952122688293457e-01
4.979139193892478943e-02 5.444653034210205078e-01
7.408307492733001709e-02 7.613534927368164062e-01
9.499119222164154053e-02 9.927707910537719727e-01
9.603218175470829010e-03 4.088544547557830811e-01
9.481467306613922119e-03 6.191663742065429688e-01
4.109113011509180069e-03 8.508712053298950195e-01
-1.387135535478591919e-01 -8.043127506971359253e-02
-1.695466190576553345e-01 5.359059665352106094e-03
-1.902196854352951050e-01 1.548690497875213623e-01
-8.249778300523757935e-02 -8.345754444599151611e-02
-1.242372021079063416e-01 -1.415493190288543701e-01
-1.601037383079528809e-01 -1.682625114917755127e-01
-2.204213058575987816e-03 -5.861007422208786011e-02
-1.911791414022445679e-02 -1.410669088363647461e-01
-4.374511912465095520e-02 -2.524299621582031250e-01
-1.214619874954223633e-01 -1.446502655744552612e-01
-1.213158965110778809e-01 -2.757339775562286377e-01
-9.785579890012741089e-02 -4.328105449676513672e-01
-1.215413957834243774e-01 -2.341028600931167603e-01
-1.105824038386344910e-01 -4.008619785308837891e-01
-7.146044820547103882e-02 -5.920237302780151367e-01
7.409138232469558716e-02 -2.806368768215179443e-01
8.672560006380081177e-02 -4.196575582027435303e-01
1.016070619225502014e-01 -5.674548745155334473e-01
4.399948567152023315e-02 -1.499879658222198486e-01
7.725850492715835571e-02 -2.373740375041961670e-01
1.078013330698013306e-01 -3.356319367885589600e-01
1.649767346680164337e-02 1.430274248123168945e-01
2.332679554820060730e-02 2.765583395957946777e-01
2.938500046730041504e-02 4.303123652935028076e-01
-2.555146813392639160e-03 5.083266496658325195e-01
-8.514164015650749207e-03 7.190071940422058105e-01
-1.706627383828163147e-02 9.221224784851074219e-01
-1.019207611680030823e-01 4.000234305858612061e-01
-1.419529467821121216e-01 6.157048940658569336e-01
-1.894322186708450317e-01 8.498600125312805176e-01
-1.578880697488784790e-01 9.146089665591716766e-03
-2.614097297191619873e-01 9.503401815891265869e-02
-3.780648112297058105e-01 2.496627271175384521e-01
-1.027740687131881714e-01 1.056720782071352005e-02
-2.215354293584823608e-01 -1.660054735839366913e-02
-3.664411902427673340e-01 -2.664742991328239441e-02
-5.258424580097198486e-02 -1.605982705950737000e-02
-1.386284381151199341e-01 -6.230906024575233459e-02
-2.667147517204284668e-01 -1.363365203142166138e-01
-1.097737103700637817e-01 -1.857592016458511353e-01
-1.797297149896621704e-01 -2.614601254463195801e-01
-2.604946196079254150e-01 -3.759696185588836670e-01
-6.940079480409622192e-02 -1.790420860052108765e-01
-1.135649606585502625e-01 -2.978394627571105957e-01
-1.629048883914947510e-01 -4.400270581245422363e-01
9.746687114238739014e-02 -6.333752721548080444e-02
8.643781393766403198e-02 -1.679400354623794556e-01
6.144554167985916138e-02 -3.054813742637634277e-01
3.397597000002861023e-02 -5.966346710920333862e-02
6.278942525386810303e-02 -9.632777422666549683e-02
8.630888909101486206e-02 -1.578701734542846680e-01
9.239476174116134644e-03 -1.865911670029163361e-02
1.391206122934818268e-02 5.196145549416542053e-02
1.561111211776733398e-02 1.699015349149703979e-01
8.669428643770515919e-04 1.519469618797302246e-01
-1.246018800884485245e-02 3.304382264614105225e-01
-3.571790084242820740e-02 5.454822778701782227e-01
-6.122393161058425903e-02 3.757272064685821533e-01
-1.298245489597320557e-01 5.320698022842407227e-01
-2.137020677328109741e-01 7.247009873390197754e-01
-2.207826375961303711e-01 9.061494469642639160e-02
-3.524152934551239014e-01 2.317670136690139771e-01
-4.946883618831634521e-01 4.002196788787841797e-01
-3.272887170314788818e-01 -1.554401242174208164e-03
-4.668094515800476074e-01 5.412168428301811218e-02
-6.063436865806579590e-01 1.285114884376525879e-01
-1.760368645191192627e-01 1.879766583442687988e-02
-3.154192566871643066e-01 -1.136589609086513519e-02
-4.988250434398651123e-01 -5.067831277847290039e-02
-1.123586297035217285e-01 -1.468713581562042236e-01
-2.370127737522125244e-01 -2.364619821310043335e-01
-3.868595957756042480e-01 -3.295752406120300293e-01
-1.221255660057067871e-01 -1.935328245162963867e-01
-1.820559054613113403e-01 -2.803128659725189209e-01
-2.622897624969482422e-01 -3.768066763877868652e-01
8.025014540180563927e-04 -6.457033567130565643e-03
-1.722853258252143860e-02 -6.710157543420791626e-02
-4.894545301795005798e-02 -1.539414823055267334e-01
-4.568727454170584679e-04 3.404853399842977524e-03
1.329231075942516327e-02 -3.334122477099299431e-03
2.365674450993537903e-02 -3.248777985572814941e-02
4.849908873438835144e-03 2.163805067539215088e-03
6.181725300848484039e-03 6.710143759846687317e-03
7.765030954033136368e-03 4.236803203821182251e-02
-5.490771960467100143e-03 7.170145958662033081e-02
-1.096507348120212555e-02 1.463480144739151001e-01
-2.668139897286891937e-02 2.550416886806488037e-01
-4.019909724593162537e-02 2.694399356842041016e-01
-8.464664220809936523e-02 3.881843984127044678e-01
-1.502526104450225830e-01 5.110952258110046387e-01
-1.711452603340148926e-01 2.689806222915649414e-01
-2.784525156021118164e-01 3.667666316032409668e-01
-3.886561393737792969e-01 4.751272797584533691e-01
-3.036396801471710205e-01 1.474509090185165405e-01
-4.266807436943054199e-01 2.106967717409133911e-01
-5.732607841491699219e-01 2.723414301872253418e-01
-2.453157007694244385e-01 3.508228063583374023e-02
-3.870221674442291260e-01 3.799977526068687439e-02
-5.392133593559265137e-01 3.412394598126411438e-02
-2.662634551525115967e-01 -1.446213722229003906e-01
-3.625501096248626709e-01 -1.934625059366226196e-01
-4.688310623168945312e-01 -2.382081747055053711e-01
-1.922428309917449951e-01 -1.698209941387176514e-01
-2.609366774559020996e-01 -2.316214293241500854e-01
-3.299665153026580811e-01 -2.921275794506072998e-01
-3.311969712376594543e-02 -3.309874609112739563e-02
-6.815400719642639160e-02 -6.690946221351623535e-02
-1.080857589840888977e-01 -1.123160421848297119e-01
4.088912624865770340e-03 2.558605279773473740e-03
2.123631536960601807e-03 2.723783720284700394e-03
-3.368204692378640175e-03 -6.495123263448476791e-03
4.967376124113798141e-03 1.815435360185801983e-03
6.837864406406879425e-03 4.051710013300180435e-03
9.477891959249973297e-03 1.232995465397834778e-02
-6.426042411476373672e-03 5.612794775515794754e-03
-6.780609954148530960e-03 3.461934626102447510e-02
-9.633679874241352081e-03 8.132127672433853149e-02
-1.172169577330350876e-02 5.654988437891006470e-02
-2.555329538881778717e-02 1.197973936796188354e-01
-5.206121876835823059e-02 2.023139894008636475e-01
-2.508198469877243042e-02 6.737361848354339600e-02
-7.624530792236328125e-02 1.507876664400100708e-01
-1.452279835939407349e-01 2.363910675048828125e-01
-6.796453893184661865e-02 7.999132573604583740e-02
-1.431736797094345093e-01 1.301266849040985107e-01
-2.343237996101379395e-01 1.846508532762527466e-01
-5.991066992282867432e-02 3.624794259667396545e-02
-1.393798589706420898e-01 4.912313446402549744e-02
-2.446632385253906250e-01 6.098380312323570251e-02
-6.053254008293151855e-02 -3.452686592936515808e-02
-1.335048079490661621e-01 -6.063976511359214783e-02
-2.152794897556304932e-01 -8.694141358137130737e-02
-4.477466642856597900e-02 -3.309168294072151184e-02
-9.370573610067367554e-02 -7.001594454050064087e-02
-1.528970748186111450e-01 -1.113596484065055847e-01
1.747544505633413792e-03 2.152756322175264359e-03
-1.442198082804679871e-02 -1.268661301583051682e-02
-4.155961051583290100e-02 -3.757369145750999451e-02
9.736530482769012451e-03 5.737314466387033463e-03
1.309926714748144150e-02 7.762151770293712616e-03
1.217258349061012268e-02 6.407081615179777145e-03
1.108714845031499863e-02 -7.233848446048796177e-04
1.224699523299932480e-02 -1.755765872076153755e-03
1.541702914983034134e-02 -7.906478713266551495e-04
5.025864578783512115e-03 -4.456485155969858170e-03
7.002239115536212921e-03 -3.413016907870769501e-03
1.006232202053070068e-02 4.915287718176841736e-03
7.406931370496749878e-03 -2.341122133657336235e-03
9.154295548796653748e-03 5.051433108747005463e-04
7.545991800725460052e-03 1.971773058176040649e-02
1.730507053434848785e-02 -1.901626959443092346e-02
1.507620699703693390e-02 -6.769791245460510254e-03
5.957315443083643913e-04 2.627194486558437347e-02
2.345526823773980141e-03 -2.200154267484322190e-04
-2.574254060164093971e-03 1.282482128590345383e-02
-2.327168546617031097e-02 3.873503953218460083e-02
6.140563637018203735e-03 1.072757132351398468e-02
1.024522585794329643e-03 1.980159990489482880e-02
-2.227183058857917786e-02 2.995946444571018219e-02
2.283897809684276581e-02 7.414139807224273682e-03
1.689591072499752045e-02 7.207984104752540588e-03
-7.071644533425569534e-03 1.996507635340094566e-03
1.132914423942565918e-02 7.481150794774293900e-03
1.046492997556924820e-02 5.404967814683914185e-03
-1.352422754280269146e-03 -4.234427586197853088e-03
8.799432776868343353e-03 7.331256754696369171e-03
1.293624937534332275e-02 1.022643316537141800e-02
1.333845220506191254e-02 9.012345224618911743e-03
1.053492538630962372e-02 5.906834267079830170e-03
1.405157800763845444e-02 8.756058290600776672e-03
1.995000988245010376e-02 1.207070238888263702e-02
