3.118203254416584969e-03 3.107065102085471153e-03 3.191729774698615074e-03
3.094414714723825455e-03 3.157576080411672592e-03 3.216297831386327744e-03
3.092867089435458183e-03 3.154793288558721542e-03 3.209676593542098999e-03
3.091869875788688660e-03 3.153328318148851395e-03 3.209104761481285095e-03
3.085304284468293190e-03 3.146553412079811096e-03 3.194757038727402687e-03
3.085224889218807220e-03 3.144712187349796295e-03 3.201319370418787003e-03
3.081888658925890923e-03 3.142201341688632965e-03 3.204349195584654808e-03
3.101897425949573517e-03 3.089804435148835182e-03 3.174960846081376076e-03
9.509616531431674957e-03 9.335689246654510498e-03 9.709385223686695099e-03
9.436376392841339111e-03 9.404096752405166626e-03 9.759696200489997864e-03
8.741548284888267517e-03 8.776547387242317200e-03 9.414924308657646179e-03
9.507683105766773224e-03 9.404351934790611267e-03 9.565653279423713684e-03
8.828714489936828613e-03 1.043672952800989151e-02 1.256528683006763458e-02
8.317578583955764771e-03 8.872490376234054565e-03 9.599477984011173248e-03
9.425575844943523407e-03 9.389188140630722046e-03 9.715749882161617279e-03
9.492984041571617126e-03 9.314677678048610687e-03 9.693731553852558136e-03
1.577474549412727356e-02 1.574147120118141174e-02 1.593893766403198242e-02
1.470553502440452576e-02 1.470693573355674744e-02 1.503016985952854156e-02
1.032859319821000099e-03 3.443695371970534325e-03 5.370104219764471054e-03
4.540674388408660889e-03 2.702777087688446045e-02 5.250659957528114319e-02
-2.815685607492923737e-02 -2.274170517921447754e-02 -1.015030313283205032e-02
1.381997717544436455e-03 3.741527209058403969e-03 6.181199103593826294e-03
1.496644318103790283e-02 1.531952340155839920e-02 1.578597910702228546e-02
1.575886458158493042e-02 1.573546603322029114e-02 1.589734293520450592e-02
2.174637839198112488e-02 2.193810231983661652e-02 2.207956649363040924e-02
1.594450324773788452e-02 1.726684533059597015e-02 1.831205002963542938e-02
-4.955696687102317810e-02 -6.951550394296646118e-02 -8.927933871746063232e-02
1.076733246445655823e-01 1.304416507482528687e-01 1.528313755989074707e-01
2.301028519868850708e-01 2.425331026315689087e-01 2.598030269145965576e-01
6.979861855506896973e-02 7.186379283666610718e-02 6.935586780309677124e-02
2.490170300006866455e-02 2.503226511180400848e-02 2.630435116589069366e-02
2.165051177144050598e-02 2.181935496628284454e-02 2.267438173294067383e-02
2.832224778831005096e-02 2.836678922176361084e-02 2.850759588181972504e-02
2.267966046929359436e-02 2.373970486223697662e-02 2.592210285365581512e-02
-6.197565421462059021e-02 -8.515424281358718872e-02 -1.067059710621833801e-01
-4.085479378700256348e-01 -4.726016521453857422e-01 -5.301030874252319336e-01
-4.689758718013763428e-01 -5.578372478485107422e-01 -6.360379457473754883e-01
8.580979704856872559e-02 6.177745759487152100e-02 3.258086368441581726e-02
2.893555350601673126e-02 2.945263683795928955e-02 3.036734275519847870e-02
2.830310352146625519e-02 2.833700180053710938e-02 2.839206159114837646e-02
3.412612155079841614e-02 3.476421535015106201e-02 3.551672771573066711e-02
3.175293654203414917e-02 3.347336500883102417e-02 3.484890982508659363e-02
2.768167178146541119e-04 1.824884966481477022e-04 -2.171099476981908083e-04
-1.384171005338430405e-02 -2.692469209432601929e-02 -4.688865318894386292e-02
-2.029283344745635986e-02 -3.132606297731399536e-02 -4.735869541764259338e-02
-8.282982744276523590e-03 -2.763722557574510574e-03 4.015139304101467133e-03
3.287104889750480652e-02 3.322053700685501099e-02 3.546015545725822449e-02
3.410468250513076782e-02 3.475099429488182068e-02 3.549329563975334167e-02
4.065112024545669556e-02 4.107592627406120300e-02 4.215965420007705688e-02
4.047998785972595215e-02 4.068420827388763428e-02 4.222785308957099915e-02
3.885446116328239441e-02 3.946028649806976318e-02 4.127916321158409119e-02
3.778553381562232971e-02 3.860489279031753540e-02 4.093331098556518555e-02
3.768522664904594421e-02 3.934736922383308411e-02 4.041801765561103821e-02
3.877443447709083557e-02 3.976111486554145813e-02 4.132387414574623108e-02
4.047727584838867188e-02 4.067939892411231995e-02 4.221496358513832092e-02
4.063257575035095215e-02 4.105941206216812134e-02 4.214967042207717896e-02
4.752821102738380432e-02 4.679135978221893311e-02 4.805268719792366028e-02
4.725762456655502319e-02 4.769920185208320618e-02 4.814412072300910950e-02
4.725949093699455261e-02 4.769615828990936279e-02 4.812495782971382141e-02
4.725487902760505676e-02 4.769227281212806702e-02 4.813633114099502563e-02
4.725226387381553650e-02 4.769000038504600525e-02 4.813456907868385315e-02
4.725166037678718567e-02 4.768801108002662659e-02 4.812050983309745789e-02
4.724631831049919128e-02 4.768344387412071228e-02 4.813227057456970215e-02
4.750463739037513733e-02 4.677493125200271606e-02 4.802935197949409485e-02
3.175804158672690392e-03 3.624014556407928467e-03 4.942553117871284485e-03
4.709632135927677155e-03 5.961292888969182968e-03 7.221803534775972366e-03
6.041678134351968765e-03 4.740998614579439163e-03 4.458143375813961029e-03
-1.422178279608488083e-02 -1.194409932941198349e-02 -5.632086191326379776e-03
-3.605155507102608681e-03 1.222515013068914413e-03 1.110957097262144089e-02
1.559484377503395081e-02 1.703802496194839478e-02 2.139589190483093262e-02
1.665459387004375458e-02 1.408341899514198303e-02 1.172066479921340942e-02
1.523828320205211639e-02 1.373336184769868851e-02 1.146320346742868423e-02
5.640940740704536438e-03 7.355291862040758133e-03 9.112836793065071106e-03
4.816790111362934113e-03 5.640302784740924835e-03 7.023058366030454636e-03
-3.782304702326655388e-06 2.297542057931423187e-03 5.271951202303171158e-03
4.166262689977884293e-03 5.772260017693042755e-03 5.866592284291982651e-03
8.732506074011325836e-03 9.931134991347789764e-03 1.217954233288764954e-02
2.138086594641208649e-02 4.298852384090423584e-02 6.749331206083297729e-02
8.818908035755157471e-02 1.208794414997100830e-01 1.567277461290359497e-01
4.230811446905136108e-02 6.641161441802978516e-02 9.275016188621520996e-02
-5.236852914094924927e-02 -4.309425130486488342e-02 -2.551016025245189667e-02
-2.115410193800926208e-02 -2.325417287647724152e-02 -2.081501483917236328e-02
2.733883680775761604e-03 5.101641640067100525e-03 7.724141702055931091e-03
2.142226556316018105e-03 4.012983292341232300e-03 6.686591543257236481e-03
1.209537871181964874e-02 1.280635129660367966e-02 1.180826686322689056e-02
-2.671593567356467247e-03 -1.122895162552595139e-02 -2.135809883475303650e-02
-2.455330640077590942e-02 -2.827722765505313873e-02 -2.697318233549594879e-02
1.348545849323272705e-01 1.595709770917892456e-01 1.807791143655776978e-01
3.722714781761169434e-01 4.096269905567169189e-01 4.445330500602722168e-01
2.501043379306793213e-01 2.982032895088195801e-01 3.558196723461151123e-01
9.884544648230075836e-03 5.226550996303558350e-02 9.672298282384872437e-02
1.851906813681125641e-02 2.939519844949245453e-02 4.312602058053016663e-02
4.086731746792793274e-02 4.877675324678421021e-02 5.529141053557395935e-02
6.572158541530370712e-03 1.268889941275119781e-02 2.110696397721767426e-02
1.433940138667821884e-02 8.879693225026130676e-03 4.614802019204944372e-04
-6.693355739116668701e-02 -8.645606040954589844e-02 -1.042067632079124451e-01
-1.659296154975891113e-01 -1.684157550334930420e-01 -1.666089147329330444e-01
5.231735482811927795e-02 7.797637581825256348e-02 1.008493229746818542e-01
3.622229397296905518e-01 4.009305536746978760e-01 4.377710521221160889e-01
3.807140290737152100e-01 4.284711778163909912e-01 4.558620154857635498e-01
2.032207399606704712e-01 2.186174094676971436e-01 2.295285016298294067e-01
9.155432879924774170e-02 8.790291100740432739e-02 7.941135764122009277e-02
8.064535260200500488e-02 8.293276280164718628e-02 8.069460839033126831e-02
2.629679813981056213e-02 3.780795261263847351e-02 4.915145412087440491e-02
-1.175471208989620209e-02 -2.000343985855579376e-02 -3.064515627920627594e-02
-1.156385689973831177e-01 -1.408244520425796509e-01 -1.654063612222671509e-01
-1.837880313396453857e-01 -2.146148979663848877e-01 -2.380361557006835938e-01
-2.869662269949913025e-02 -5.413458496332168579e-02 -8.074843883514404297e-02
8.003188669681549072e-02 9.228604286909103394e-02 9.820662438869476318e-02
9.677284210920333862e-02 1.130876913666725159e-01 1.136551424860954285e-01
-6.097362563014030457e-02 -8.355490118265151978e-02 -1.075637713074684143e-01
-2.306494861841201782e-01 -2.488372325897216797e-01 -2.582945525646209717e-01
-9.802291169762611389e-03 -2.695829793810844421e-02 -4.401711374521255493e-02
5.742058902978897095e-02 6.567148119211196899e-02 7.070305198431015015e-02
-1.093841716647148132e-02 -1.915004104375839233e-02 -3.101916238665580750e-02
-1.197570040822029114e-01 -1.489144712686538696e-01 -1.776445657014846802e-01
-2.130732834339141846e-01 -2.571422457695007324e-01 -3.054169714450836182e-01
-2.361839115619659424e-01 -2.960928678512573242e-01 -3.521191477775573730e-01
-2.530346512794494629e-01 -3.093380033969879150e-01 -3.710201978683471680e-01
-2.045636326074600220e-01 -2.870623469352722168e-01 -3.623281717300415039e-01
-3.997915983200073242e-01 -4.798917770385742188e-01 -5.411262512207031250e-01
-5.065074563026428223e-01 -5.375938415527343750e-01 -5.500289201736450195e-01
-3.947287797927856445e-02 -7.502432167530059814e-02 -1.094403341412544250e-01
7.770740985870361328e-02 8.634258061647415161e-02 8.386363834142684937e-02
1.405174843966960907e-02 7.141295820474624634e-03 -3.030790947377681732e-03
-8.865883201360702515e-02 -1.117498949170112610e-01 -1.375187784433364868e-01
-2.232159227132797241e-01 -2.707210779190063477e-01 -3.120709061622619629e-01
-3.599726557731628418e-01 -4.281360507011413574e-01 -4.834395349025726318e-01
-5.278966426849365234e-01 -6.066711544990539551e-01 -6.690583229064941406e-01
-4.913116693496704102e-01 -5.854170322418212891e-01 -6.811641454696655273e-01
-4.489313364028930664e-01 -5.203133821487426758e-01 -5.814685225486755371e-01
-2.538270354270935059e-01 -2.955726683139801025e-01 -3.486952185630798340e-01
5.900729820132255554e-02 3.167368099093437195e-02 -1.381797133944928646e-03
5.007027834653854370e-02 6.427898257970809937e-02 7.113446295261383057e-02
1.404609158635139465e-02 1.238989271223545074e-02 9.140428155660629272e-03
-4.058529064059257507e-02 -5.323306098580360413e-02 -6.744150817394256592e-02
-9.796790033578872681e-02 -1.253588199615478516e-01 -1.626758426427841187e-01
-1.394896805286407471e-01 -2.056790739297866821e-01 -2.770250737667083740e-01
-3.288672268390655518e-01 -3.994361758232116699e-01 -4.747039079666137695e-01
-3.479692637920379639e-01 -4.214417636394500732e-01 -4.786833524703979492e-01
-1.312483698129653931e-01 -1.928564608097076416e-01 -2.635907530784606934e-01
3.120192512869834900e-02 1.349940779618918896e-03 -3.827074542641639709e-02
4.560344293713569641e-02 4.753467068076133728e-02 4.496631398797035217e-02
3.178763203322887421e-03 1.248114369809627533e-02 2.341829612851142883e-02
1.108891237527132034e-02 1.361939124763011932e-02 1.591474749147891998e-02
-1.141016185283660889e-02 -1.347068883478641510e-02 -1.671461202204227448e-02
-2.396992407739162445e-02 -2.921684831380844116e-02 -3.873833641409873962e-02
-1.993252336978912354e-02 -3.719204664230346680e-02 -6.419579684734344482e-02
-8.352483063936233521e-02 -1.126415878534317017e-01 -1.478717476129531860e-01
-1.018356978893280029e-01 -1.293452680110931396e-01 -1.634006202220916748e-01
-1.435906905680894852e-02 -2.843977697193622589e-02 -5.064183473587036133e-02
1.474828366190195084e-02 1.876266673207283020e-02 1.720277406275272369e-02
-7.818881422281265259e-03 7.490224088542163372e-04 9.600871242582798004e-03
2.835280960425734520e-03 4.796446766704320908e-03 9.074999950826168060e-03
1.951788365840911865e-02 2.137818560004234314e-02 2.539748325943946838e-02
1.224851328879594803e-02 1.419833954423666000e-02 1.647082157433032990e-02
9.119404479861259460e-03 9.656562469899654388e-03 1.049291621893644333e-02
1.280865352600812912e-02 1.346491836011409760e-02 1.214811485260725021e-02
6.978636607527732849e-03 3.013607813045382500e-03 -3.627941012382507324e-03
4.956032149493694305e-03 1.620850525796413422e-04 -7.282028906047344208e-03
1.163028180599212646e-02 1.147137302905321121e-02 1.065801456570625305e-02
5.533204413950443268e-03 7.717499043792486191e-03 1.185238175094127655e-02
6.687944289296865463e-03 9.151912294328212738e-03 1.284724194556474686e-02
2.104713022708892822e-02 2.222127467393875122e-02 2.455046772956848145e-02
