-0.000000000000000000e+00 -1.793992938473820686e-03 -0.000000000000000000e+00
0.000000000000000000e+00 0.000000000000000000e+00 0.000000000000000000e+00
-0.000000000000000000e+00 -0.000000000000000000e+00 -0.000000000000000000e+00
0.000000000000000000e+00 2.149075269699096680e-02 0.000000000000000000e+00
-0.000000000000000000e+00 2.065520733594894409e-02 0.000000000000000000e+00
0.000000000000000000e+00 0.000000000000000000e+00 0.000000000000000000e+00
-5.088426545262336731e-02 -0.000000000000000000e+00 -0.000000000000000000e+00
-4.518641903996467590e-02 0.000000000000000000e+00 0.000000000000000000e+00
0.000000000000000000e+00 -0.000000000000000000e+00 1.102071404457092285e-01
-1.127544194459915161e-01 0.000000000000000000e+00 0.000000000000000000e+00
-3.054337389767169952e-02 5.531553644686937332e-03 0.000000000000000000e+00
-0.000000000000000000e+00 5.736438930034637451e-02 -2.680396735668182373e-01
-0.000000000000000000e+00 1.104795485734939575e-01 -3.032466396689414978e-02
5.071657709777355194e-03 0.000000000000000000e+00 -0.000000000000000000e+00
-0.000000000000000000e+00 4.707346856594085693e-02 0.000000000000000000e+00
2.581477165222167969e-02 -0.000000000000000000e+00 0.000000000000000000e+00
0.000000000000000000e+00 6.533683743327856064e-03 -0.000000000000000000e+00
-0.000000000000000000e+00 0.000000000000000000e+00 -0.000000000000000000e+00
0.000000000000000000e+00 0.000000000000000000e+00 0.000000000000000000e+00
0.000000000000000000e+00 0.000000000000000000e+00 3.714806167408823967e-03
1.993971411138772964e-03 4.353387281298637390e-03 0.000000000000000000e+00
0.000000000000000000e+00 0.000000000000000000e+00 -2.746199257671833038e-02
-4.784487932920455933e-02 -6.232481077313423157e-02 -8.901023119688034058e-02
-1.277872025966644287e-01 -1.298382133245468140e-01 -9.267897903919219971e-02
-5.648452788591384888e-02 -0.000000000000000000e+00 -5.401266366243362427e-02
-4.216334223747253418e-02 0.000000000000000000e+00 0.000000000000000000e+00
0.000000000000000000e+00 0.000000000000000000e+00 0.000000000000000000e+00
0.000000000000000000e+00 -0.000000000000000000e+00 -4.615632072091102600e-02
-6.414249539375305176e-02 0.000000000000000000e+00 1.454700678586959839e-01
0.000000000000000000e+00 0.000000000000000000e+00 2.486332356929779053e-01
3.133624494075775146e-01 2.165562212467193604e-01 0.000000000000000000e+00
-2.435832098126411438e-02 -2.983832173049449921e-02 1.497764438390731812e-01
1.784341633319854736e-01 -0.000000000000000000e+00 -0.000000000000000000e+00
0.000000000000000000e+00 0.000000000000000000e+00 0.000000000000000000e+00
0.000000000000000000e+00 0.000000000000000000e+00 -2.332357130944728851e-02
1.036252453923225403e-01 5.111940577626228333e-02 -1.481727212667465210e-01
-7.600216567516326904e-02 4.967179149389266968e-02 -1.127807572484016418e-01
-1.825425922870635986e-01 0.000000000000000000e+00 5.528708919882774353e-02
-2.153848484158515930e-02 4.924364760518074036e-02 -0.000000000000000000e+00
-2.013076692819595337e-01 -0.000000000000000000e+00 0.000000000000000000e+00
-0.000000000000000000e+00 -1.101884394884109497e-01 8.701746165752410889e-02
9.258919954299926758e-02 0.000000000000000000e+00 7.728620618581771851e-02
-0.000000000000000000e+00 -2.509330511093139648e-01 -0.000000000000000000e+00
-0.000000000000000000e+00 -0.000000000000000000e+00 -0.000000000000000000e+00
7.658397406339645386e-02 6.389769166707992554e-02 0.000000000000000000e+00
8.305882662534713745e-02 5.744068324565887451e-02 -0.000000000000000000e+00
-0.000000000000000000e+00 -0.000000000000000000e+00 -1.620384305715560913e-01
-1.261148303747177124e-01 -0.000000000000000000e+00 0.000000000000000000e+00
-2.282356098294258118e-02 0.000000000000000000e+00 6.714229285717010498e-02
3.364938870072364807e-02 0.000000000000000000e+00 0.000000000000000000e+00
-0.000000000000000000e+00 -0.000000000000000000e+00 1.392671652138233185e-02
9.694419801235198975e-03 -2.825038880109786987e-02 -2.016359940171241760e-02
0.000000000000000000e+00 4.767066240310668945e-02 7.329697906970977783e-02
8.616181463003158569e-02 7.010678946971893311e-02 5.312215909361839294e-02
3.691245988011360168e-02 0.000000000000000000e+00 -0.000000000000000000e+00
-0.000000000000000000e+00 0.000000000000000000e+00 0.000000000000000000e+00
0.000000000000000000e+00 0.000000000000000000e+00 0.000000000000000000e+00
-6.941935280337929726e-04 0.000000000000000000e+00 0.000000000000000000e+00
0.000000000000000000e+00 -0.000000000000000000e+00 -0.000000000000000000e+00
0.000000000000000000e+00 1.398781314492225647e-02 0.000000000000000000e+00
0.000000000000000000e+00 -0.000000000000000000e+00 -0.000000000000000000e+00
0.000000000000000000e+00 0.000000000000000000e+00 -0.000000000000000000e+00
-0.000000000000000000e+00 6.139903329312801361e-03 9.003575891256332397e-03
-4.696716368198394775e-02 0.000000000000000000e+00 -0.000000000000000000e+00
1.260900795459747314e-01 0.000000000000000000e+00 -0.000000000000000000e+00
0.000000000000000000e+00 8.885276503860950470e-03 -2.387987263500690460e-02
0.000000000000000000e+00 -0.000000000000000000e+00 -0.000000000000000000e+00
0.000000000000000000e+00 -0.000000000000000000e+00 0.000000000000000000e+00
0.000000000000000000e+00 -8.180217817425727844e-03 1.593088917434215546e-02
0.000000000000000000e+00 -0.000000000000000000e+00 0.000000000000000000e+00
-1.059307064861059189e-02 5.669273901730775833e-03 0.000000000000000000e+00
0.000000000000000000e+00 -1.254276093095541000e-02 0.000000000000000000e+00
0.000000000000000000e+00 0.000000000000000000e+00 -0.000000000000000000e+00
0.000000000000000000e+00 0.000000000000000000e+00 0.000000000000000000e+00
7.800765335559844971e-03 0.000000000000000000e+00 0.000000000000000000e+00
0.000000000000000000e+00 0.000000000000000000e+00 0.000000000000000000e+00
-1.321887876838445663e-02 -0.000000000000000000e+00 -0.000000000000000000e+00
-0.000000000000000000e+00 -0.000000000000000000e+00 -0.000000000000000000e+00
-0.000000000000000000e+00 -0.000000000000000000e+00 -0.000000000000000000e+00
-2.926156483590602875e-02 -0.000000000000000000e+00 -0.000000000000000000e+00
0.000000000000000000e+00 0.000000000000000000e+00 0.000000000000000000e+00
0.000000000000000000e+00 9.958548098802566528e-02 0.000000000000000000e+00
0.000000000000000000e+00 -0.000000000000000000e+00 -0.000000000000000000e+00
6.024683266878128052e-02 0.000000000000000000e+00 0.000000000000000000e+00
0.000000000000000000e+00 0.000000000000000000e+00 0.000000000000000000e+00
0.000000000000000000e+00 0.000000000000000000e+00 -0.000000000000000000e+00
-0.000000000000000000e+00 0.000000000000000000e+00 0.000000000000000000e+00
0.000000000000000000e+00 0.000000000000000000e+00 1.528310477733612061e-01
1.603537797927856445e-01 0.000000000000000000e+00 0.000000000000000000e+00
0.000000000000000000e+00 0.000000000000000000e+00 0.000000000000000000e+00
0.000000000000000000e+00 -0.000000000000000000e+00 -0.000000000000000000e+00
0.000000000000000000e+00 -0.000000000000000000e+00 -0.000000000000000000e+00
0.000000000000000000e+00 0.000000000000000000e+00 0.000000000000000000e+00
0.000000000000000000e+00 -0.000000000000000000e+00 -0.000000000000000000e+00
-0.000000000000000000e+00 -0.000000000000000000e+00 -0.000000000000000000e+00
-0.000000000000000000e+00 0.000000000000000000e+00 0.000000000000000000e+00
1.382291782647371292e-02 0.000000000000000000e+00 -0.000000000000000000e+00
-0.000000000000000000e+00 -0.000000000000000000e+00 -0.000000000000000000e+00
-0.000000000000000000e+00 -0.000000000000000000e+00 0.000000000000000000e+00
0.000000000000000000e+00 1.554623246192932129e-02 0.000000000000000000e+00
-0.000000000000000000e+00 -0.000000000000000000e+00 -0.000000000000000000e+00
-0.000000000000000000e+00 -0.000000000000000000e+00 -0.000000000000000000e+00
-0.000000000000000000e+00 1.900453865528106689e-02 -0.000000000000000000e+00
3.143443167209625244e-02 0.000000000000000000e+00 -0.000000000000000000e+00
-0.000000000000000000e+00 -0.000000000000000000e+00 -0.000000000000000000e+00
-0.000000000000000000e+00 0.000000000000000000e+00 0.000000000000000000e+00
-0.000000000000000000e+00 0.000000000000000000e+00 2.624472603201866150e-02
0.000000000000000000e+00 0.000000000000000000e+00 0.000000000000000000e+00
0.000000000000000000e+00 0.000000000000000000e+00 0.000000000000000000e+00
1.017427816987037659e-02 -6.499621667899191380e-04 0.000000000000000000e+00
7.648934610188007355e-03 1.353092771023511887e-02 1.410791464149951935e-02
1.200479920953512192e-02 3.947133664041757584e-03 -0.000000000000000000e+00
3.787128720432519913e-03 1.425188872963190079e-02 0.000000000000000000e+00
-2.565148659050464630e-02 -4.909801483154296875e-02 -0.000000000000000000e+00
0.000000000000000000e+00 4.466381389647722244e-03 9.089210070669651031e-03
-1.283553801476955414e-02 -0.000000000000000000e+00 2.950500324368476868e-02
6.200090050697326660e-02 0.000000000000000000e+00 -1.487662270665168762e-02
0.000000000000000000e+00 0.000000000000000000e+00 -0.000000000000000000e+00
0.000000000000000000e+00 0.000000000000000000e+00 0.000000000000000000e+00
5.764371529221534729e-02 -0.000000000000000000e+00 -0.000000000000000000e+00
0.000000000000000000e+00 -0.000000000000000000e+00 0.000000000000000000e+00
-0.000000000000000000e+00 -1.587444394826889038e-01 0.000000000000000000e+00
-0.000000000000000000e+00 -0.000000000000000000e+00 9.577191434800624847e-03
-0.000000000000000000e+00 0.000000000000000000e+00 -0.000000000000000000e+00
-3.794917091727256775e-02 0.000000000000000000e+00 -0.000000000000000000e+00
0.000000000000000000e+00 1.045578811317682266e-02 0.000000000000000000e+00
-0.000000000000000000e+00 1.773715019226074219e-02 3.466761857271194458e-02
1.191037986427545547e-02 1.598152914084494114e-03 8.556482382118701935e-03
9.270347654819488525e-03 1.136772800236940384e-02 0.000000000000000000e+00
0.000000000000000000e+00 0.000000000000000000e+00 0.000000000000000000e+00
8.240441791713237762e-03 9.397402405738830566e-03 -0.000000000000000000e+00
-0.000000000000000000e+00 -0.000000000000000000e+00 -0.000000000000000000e+00
-0.000000000000000000e+00 -0.000000000000000000e+00 -0.000000000000000000e+00
-0.000000000000000000e+00 -0.000000000000000000e+00 -0.000000000000000000e+00
-0.000000000000000000e+00 0.000000000000000000e+00 3.185827285051345825e-02
4.728021845221519470e-02 6.453669816255569458e-02 8.649364858865737915e-02
0.000000000000000000e+00 7.640469074249267578e-02 2.773981355130672455e-02
-0.000000000000000000e+00 -0.000000000000000000e+00 0.000000000000000000e+00
0.000000000000000000e+00 1.035361140966415405e-01 1.300920546054840088e-01
0.000000000000000000e+00 0.000000000000000000e+00 0.000000000000000000e+00
7.920039445161819458e-02 0.000000000000000000e+00 0.000000000000000000e+00
0.000000000000000000e+00 0.000000000000000000e+00 5.233288183808326721e-02
6.707344949245452881e-02 0.000000000000000000e+00 0.000000000000000000e+00
1.083396598696708679e-01 7.505779713392257690e-02 2.776656858623027802e-02
0.000000000000000000e+00 0.000000000000000000e+00 0.000000000000000000e+00
-0.000000000000000000e+00 -0.000000000000000000e+00 -0.000000000000000000e+00
-0.000000000000000000e+00 -0.000000000000000000e+00 3.577277809381484985e-02
0.000000000000000000e+00 -0.000000000000000000e+00 0.000000000000000000e+00
-6.083820760250091553e-02 -0.000000000000000000e+00 -1.553348898887634277e-01
-1.193045675754547119e-01 -1.112640351057052612e-01 -0.000000000000000000e+00
0.000000000000000000e+00 0.000000000000000000e+00 0.000000000000000000e+00
-0.000000000000000000e+00 -7.710429280996322632e-02 -0.000000000000000000e+00
-2.282484769821166992e-01 -1.955130249261856079e-01 -1.623285412788391113e-01
-1.016451343894004822e-01 -0.000000000000000000e+00 0.000000000000000000e+00
0.000000000000000000e+00 0.000000000000000000e+00 -0.000000000000000000e+00
-1.312593668699264526e-01 -1.813151836395263672e-01 -1.742025166749954224e-01
-0.000000000000000000e+00 -0.000000000000000000e+00 -2.799523808062076569e-02
0.000000000000000000e+00 0.000000000000000000e+00 0.000000000000000000e+00
0.000000000000000000e+00 -0.000000000000000000e+00 -5.975049361586570740e-02
-6.590887159109115601e-02 -6.267802417278289795e-02 -3.879759833216667175e-02
-0.000000000000000000e+00 0.000000000000000000e+00 -0.000000000000000000e+00
0.000000000000000000e+00 0.000000000000000000e+00 0.000000000000000000e+00
0.000000000000000000e+00 0.000000000000000000e+00 0.000000000000000000e+00
0.000000000000000000e+00 0.000000000000000000e+00 0.000000000000000000e+00
