1.717510866001248360e-03 1.717510866001248360e-03 1.803329330869019032e-03
1.713912468403577805e-03 1.713912468403577805e-03 1.783203333616256714e-03
1.711670774966478348e-03 1.711670774966478348e-03 1.778941834345459938e-03
1.706285751424729824e-03 1.706285751424729824e-03 1.812656526453793049e-03
1.704577356576919556e-03 1.704577356576919556e-03 1.799832214601337910e-03
1.703961519524455070e-03 1.703961519524455070e-03 1.767855603247880936e-03
1.699286978691816330e-03 1.699286978691816330e-03 1.769190654158592224e-03
1.697831321507692337e-03 1.697831321507692337e-03 1.784162013791501522e-03
5.182242020964622498e-03 5.182242020964622498e-03 5.290396511554718018e-03
5.145825445652008057e-03 5.144899711012840271e-03 5.446382798254489899e-03
4.899942316114902496e-03 5.046597681939601898e-03 5.446046590805053711e-03
5.706821102648973465e-03 5.367599427700042725e-03 4.348341375589370728e-03
6.846888456493616104e-03 6.334982346743345261e-03 4.360593855381011963e-03
5.095921922475099564e-03 5.008372012525796890e-03 4.826906602829694748e-03
5.152793601155281067e-03 5.151797551661729813e-03 5.296927411109209061e-03
5.164681933820247650e-03 5.164681933820247650e-03 5.272732116281986237e-03
8.784838020801544189e-03 8.784838020801544189e-03 8.759245276451110840e-03
8.313987404108047485e-03 8.283673785626888275e-03 8.927180431783199310e-03
-5.285227671265602112e-03 1.004281803034245968e-03 1.489890366792678833e-02
2.662850543856620789e-03 4.656230658292770386e-02 1.094439104199409485e-01
1.288355886936187744e-02 8.312350511550903320e-02 1.914023160934448242e-01
-9.927638806402683258e-03 1.311916206032037735e-02 5.313548073172569275e-02
9.740739129483699799e-03 9.515297599136829376e-03 1.030992344021797180e-02
8.739251643419265747e-03 8.739251643419265747e-03 8.984580636024475098e-03
1.223507802933454514e-02 1.223507802933454514e-02 1.232351548969745636e-02
1.561888679862022400e-02 1.526970043778419495e-02 1.507464610040187836e-02
6.432019174098968506e-02 1.035264506936073303e-01 1.482826769351959229e-01
-8.194954693317413330e-02 -5.400723963975906372e-02 3.888895269483327866e-03
1.106484755873680115e-01 1.640929281711578369e-01 2.365045398473739624e-01
7.521906495094299316e-02 1.136024743318557739e-01 1.629426479339599609e-01
2.162300050258636475e-02 2.227025665342807770e-02 2.598679251968860626e-02
1.217423100024461746e-02 1.217423100024461746e-02 1.257752068340778351e-02
1.566527038812637329e-02 1.566527038812637329e-02 1.609896309673786163e-02
1.588533259928226471e-02 1.628196612000465393e-02 1.792325824499130249e-02
7.092323619872331619e-03 3.247860004194080830e-04 -1.324791833758354187e-02
-2.494623363018035889e-01 -3.830007016658782959e-01 -5.307771563529968262e-01
-9.314011782407760620e-02 -2.074049115180969238e-01 -3.679852187633514404e-01
3.125000000000000000e-02 3.131740912795066833e-02 1.393351797014474869e-02
1.662018336355686188e-02 1.691796258091926575e-02 1.790611818432807922e-02
1.564623601734638214e-02 1.564623601734638214e-02 1.606226339936256409e-02
1.940877549350261688e-02 1.940877549350261688e-02 1.928740926086902618e-02
1.786186918616294861e-02 1.826206222176551819e-02 1.977663487195968628e-02
-2.387780696153640747e-03 -2.779376227408647537e-04 3.918700094800442457e-04
-8.669901639223098755e-03 -4.912048950791358948e-02 -1.109310239553451538e-01
-2.158884890377521515e-02 -7.266412675380706787e-02 -1.519022732973098755e-01
9.518743492662906647e-03 6.547366734594106674e-03 -6.934139411896467209e-03
1.784548722207546234e-02 1.799202896654605865e-02 1.995697431266307831e-02
1.938632316887378693e-02 1.938632316887378693e-02 1.926550641655921936e-02
2.259481325745582581e-02 2.259481325745582581e-02 2.296604961156845093e-02
2.250242792069911957e-02 2.249871008098125458e-02 2.296148054301738739e-02
2.159201726317405701e-02 2.144533954560756683e-02 2.305893972516059875e-02
1.995241828262805939e-02 2.090005390346050262e-02 2.270519174635410309e-02
1.922267116606235504e-02 2.027248404920101166e-02 2.324942126870155334e-02
2.146208286285400391e-02 2.120906859636306763e-02 2.358121797442436218e-02
2.247494272887706757e-02 2.247065119445323944e-02 2.296635322272777557e-02
2.257707342505455017e-02 2.257707342505455017e-02 2.295107953250408173e-02
2.637431770563125610e-02 2.637431770563125610e-02 2.657105401158332825e-02
2.629810571670532227e-02 2.629810571670532227e-02 2.677192538976669312e-02
2.629413083195686340e-02 2.629413083195686340e-02 2.676071412861347198e-02
2.628934383392333984e-02 2.628934383392333984e-02 2.677432447671890259e-02
2.628529816865921021e-02 2.628529816865921021e-02 2.677573636174201965e-02
2.628509141504764557e-02 2.628509141504764557e-02 2.675120905041694641e-02
2.628323994576931000e-02 2.628323994576931000e-02 2.675694972276687622e-02
2.635336667299270630e-02 2.635336667299270630e-02 2.655057609081268311e-02
3.199681174010038376e-03 2.776269800961017609e-03 3.526256885379552841e-03
5.628698854707181454e-04 9.728774602990597486e-05 2.707465086132287979e-03
-6.403094739653170109e-04 -4.171691369265317917e-03 1.579609001055359840e-03
-1.533642970025539398e-02 -1.196338050067424774e-02 7.373535539954900742e-03
3.531409893184900284e-03 1.184936147183179855e-02 3.560635447502136230e-02
-3.439612453803420067e-03 3.735201200470328331e-03 3.302597254514694214e-02
-2.172013372182846069e-02 -1.155274081975221634e-02 2.478693984448909760e-02
4.153057932853698730e-03 1.025953982025384903e-02 3.467898070812225342e-02
-6.613335106521844864e-03 -3.259441815316677094e-03 1.089549530297517776e-02
-1.080276095308363438e-03 -4.105227533727884293e-03 -2.047195332124829292e-03
1.815728610381484032e-04 1.764952787198126316e-03 8.118798956274986267e-03
-2.454237313941121101e-03 1.161901466548442841e-02 3.707560151815414429e-02
1.324575114995241165e-02 4.315704107284545898e-02 9.061188995838165283e-02
1.679351739585399628e-02 7.383027672767639160e-02 1.424732208251953125e-01
8.122589439153671265e-02 1.433066874742507935e-01 2.204940170049667358e-01
7.152125239372253418e-02 1.551288962364196777e-01 2.663103938102722168e-01
6.202526018023490906e-02 1.598467677831649780e-01 2.726958394050598145e-01
9.008535742759704590e-02 1.625228971242904663e-01 2.422602772712707520e-01
1.032219175249338150e-02 5.524072051048278809e-02 1.141938343644142151e-01
-2.351213945075869560e-03 5.363312549889087677e-03 2.523108944296836853e-02
2.287504961714148521e-03 9.870462119579315186e-03 3.023669868707656860e-02
4.329970851540565491e-02 9.028115123510360718e-02 1.409857869148254395e-01
1.441752612590789795e-01 2.098420560359954834e-01 2.713101208209991455e-01
1.709120422601699829e-01 2.316707223653793335e-01 2.998638153076171875e-01
2.224106341600418091e-01 2.910286784172058105e-01 3.680462539196014404e-01
2.678948044776916504e-01 3.968394398689270020e-01 5.086356401443481445e-01
3.349409103393554688e-01 4.652073681354522705e-01 5.795115232467651367e-01
2.765896618366241455e-01 3.729844689369201660e-01 4.707550704479217529e-01
1.074677631258964539e-01 1.727382838726043701e-01 2.426531612873077393e-01
2.618681080639362335e-02 4.657950997352600098e-02 8.245351910591125488e-02
-1.229759800480678678e-05 2.031171321868896484e-02 5.184692144393920898e-02
9.398224204778671265e-02 1.476760953664779663e-01 1.943970471620559692e-01
2.076876759529113770e-01 2.400714308023452759e-01 2.616534829139709473e-01
4.293210804462432861e-03 5.220141634345054626e-02 1.120620891451835632e-01
-1.420853100717067719e-02 4.456668719649314880e-02 1.247002184391021729e-01
1.496348828077316284e-01 2.315055578947067261e-01 3.040579259395599365e-01
1.609670966863632202e-01 2.513225078582763672e-01 3.372454941272735596e-01
9.255079180002212524e-02 1.681470721960067749e-01 2.605899572372436523e-01
8.034678548574447632e-02 1.331683099269866943e-01 1.942951232194900513e-01
2.940367907285690308e-02 6.186223030090332031e-02 1.011316403746604919e-01
1.510547567158937454e-02 2.978901751339435577e-02 4.773698002099990845e-02
4.979139193892478943e-02 7.408307492733001709e-02 9.499119222164154053e-02
9.603218175470829010e-03 9.481467306613922119e-03 4.109113011509180069e-03
-1.387135535478591919e-01 -1.695466190576553345e-01 -1.902196854352951050e-01
-8.249778300523757935e-02 -1.242372021079063416e-01 -1.601037383079528809e-01
-2.204213058575987816e-03 -1.911791414022445679e-02 -4.374511912465095520e-02
-1.214619874954223633e-01 -1.213158965110778809e-01 -9.785579890012741089e-02
-1.215413957834243774e-01 -1.105824038386344910e-01 -7.146044820547103882e-02
7.409138232469558716e-02 8.672560006380081177e-02 1.016070619225502014e-01
4.399948567152023315e-02 7.725850492715835571e-02 1.078013330698013306e-01
1.649767346680164337e-02 2.332679554820060730e-02 2.938500046730041504e-02
-2.555146813392639160e-03 -8.514164015650749207e-03 -1.706627383828163147e-02
-1.019207611680030823e-01 -1.419529467821121216e-01 -1.894322186708450317e-01
-1.578880697488784790e-01 -2.614097297191619873e-01 -3.780648112297058105e-01
-1.027740687131881714e-01 -2.215354293584823608e-01 -3.664411902427673340e-01
-5.258424580097198486e-02 -1.386284381151199341e-01 -2.667147517204284668e-01
-1.097737103700637817e-01 -1.797297149896621704e-01 -2.604946196079254150e-01
-6.940079480409622192e-02 -1.135649606585502625e-01 -1.629048883914947510e-01
9.746687114238739014e-02 8.643781393766403198e-02 6.144554167985916138e-02
3.397597000002861023e-02 6.278942525386810303e-02 8.630888909101486206e-02
9.239476174116134644e-03 1.391206122934818268e-02 1.561111211776733398e-02
8.669428643770515919e-04 -1.246018800884485245e-02 -3.571790084242820740e-02
-6.122393161058425903e-02 -1.298245489597320557e-01 -2.137020677328109741e-01
-2.207826375961303711e-01 -3.524152934551239014e-01 -4.946883618831634521e-01
-3.272887170314788818e-01 -4.668094515800476074e-01 -6.063436865806579590e-01
-1.760368645191192627e-01 -3.154192566871643066e-01 -4.988250434398651123e-01
-1.123586297035217285e-01 -2.370127737522125244e-01 -3.868595957756042480e-01
-1.221255660057067871e-01 -1.820559054613113403e-01 -2.622897624969482422e-01
8.025014540180563927e-04 -1.722853258252143860e-02 -4.894545301795005798e-02
-4.568727454170584679e-04 1.329231075942516327e-02 2.365674450993537903e-02
4.849908873438835144e-03 6.181725300848484039e-03 7.765030954033136368e-03
-5.490771960467100143e-03 -1.096507348120212555e-02 -2.668139897286891937e-02
-4.019909724593162537e-02 -8.464664220809936523e-02 -1.502526104450225830e-01
-1.711452603340148926e-01 -2.784525156021118164e-01 -3.886561393737792969e-01
-3.036396801471710205e-01 -4.266807436943054199e-01 -5.732607841491699219e-01
-2.453157007694244385e-01 -3.870221674442291260e-01 -5.392133593559265137e-01
-2.662634551525115967e-01 -3.625501096248626709e-01 -4.688310623168945312e-01
-1.922428309917449951e-01 -2.609366774559020996e-01 -3.299665153026580811e-01
-3.311969712376594543e-02 -6.815400719642639160e-02 -1.080857589840888977e-01
4.088912624865770340e-03 2.123631536960601807e-03 -3.368204692378640175e-03
4.967376124113798141e-03 6.837864406406879425e-03 9.477891959249973297e-03
-6.426042411476373672e-03 -6.780609954148530960e-03 -9.633679874241352081e-03
-1.172169577330350876e-02 -2.555329538881778717e-02 -5.206121876835823059e-02
-2.508198469877243042e-02 -7.624530792236328125e-02 -1.452279835939407349e-01
-6.796453893184661865e-02 -1.431736797094345093e-01 -2.343237996101379395e-01
-5.991066992282867432e-02 -1.393798589706420898e-01 -2.446632385253906250e-01
-6.053254008293151855e-02 -1.335048079490661621e-01 -2.152794897556304932e-01
-4.477466642856597900e-02 -9.370573610067367554e-02 -1.528970748186111450e-01
1.747544505633413792e-03 -1.442198082804679871e-02 -4.155961051583290100e-02
9.736530482769012451e-03 1.309926714748144150e-02 1.217258349061012268e-02
1.108714845031499863e-02 1.224699523299932480e-02 1.541702914983034134e-02
5.025864578783512115e-03 7.002239115536212921e-03 1.006232202053070068e-02
7.406931370496749878e-03 9.154295548796653748e-03 7.545991800725460052e-03
1.730507053434848785e-02 1.507620699703693390e-02 5.957315443083643913e-04
2.345526823773980141e-03 -2.574254060164093971e-03 -2.327168546617031097e-02
6.140563637018203735e-03 1.024522585794329643e-03 -2.227183058857917786e-02
2.283897809684276581e-02 1.689591072499752045e-02 -7.071644533425569534e-03
1.132914423942565918e-02 1.046492997556924820e-02 -1.352422754280269146e-03
8.799432776868343353e-03 1.293624937534332275e-02 1.333845220506191254e-02
1.053492538630962372e-02 1.405157800763845444e-02 1.995000988245010376e-02
